#!/bin/bash
# By: Anonymous Zpt
# Ofuscador De Anonymous Zpt
# Github: https://github.com/Anonymous-Zpt
# Youtube: http://www.youtube.com/c/AnonymousZpt
Anonymous_Zpt=$(mktemp)
basenc --base2msbf -d  >${Anonymous_Zpt}<<DIXIE
0010001100100001001011110110001001101001011011100010111101100010011000010111
0011011010000000101000100011000010100010001100100000010000100111100100111010
0010000001000001011011100110111101101110011110010110110101101111011101010111
0011001000000101101001110000011101000000101000100011001000000100111101100110
0111010101110011011000110110000101100100011011110111001000100000010001000110
0101001000000100000101101110011011110110111001111001011011010110111101110101
0111001100100000010110100111000001110100000010100010001100100000010001110110
1001011101000110100001110101011000100011101000100000011010000111010001110100
0111000001110011001110100010111100101111011001110110100101110100011010000111
0101011000100010111001100011011011110110110100101111010000010110111001101111
0110111001111001011011010110111101110101011100110010110101011010011100000111
0100000010100010001100100000010110010110111101110101011101000111010101100010
0110010100111010001000000110100001110100011101000111000000111010001011110010
1111011101110111011101110111001011100111100101101111011101010111010001110101
0110001001100101001011100110001101101111011011010010111101100011001011110100
0001011011100110111101101110011110010110110101101111011101010111001101011010
0111000001110100000010100111001101101111011101010111001001100011011001010010
0000001111000010100001100111011110100110100101110000001000000010110101100011
0010000000101101011001000010000000100000001111000010100001110100011000010110
1001011011000010000000101101011011100010101100100010001001000010100000101000
0100110001001001010011100100010101001110010011110010000000101011001000000011
0010001010010010100100100010001000000010001000100100010000100100000101010011
0100100001011111010100110100111101010101010100100100001101000101001000100010
1001001010010011101100001010011100110111010001100001011101000111010101110011
0011110100100010001001000011111100100010001110110010000001110010011001010111
0100011101010111001001101110001000000010001000100100011100110111010001100001
0111010001110101011100110010001000100000001100100011111000100000001011110110
0100011001010111011000101111011011100111010101101100011011000010000001111100
0111110000100000011001010111100001101001011101000010000000100010001001000111
0011011101000110000101110100011101010111001100100010000010100001111110001011
0000100000000000000000000000000000000000000000000000000000000011111001000011
1010010010011001011110100011001111001001001011110111111110010001010100110101
1101100111000111011111101101001101100101001110110011001110101011110100100101
1101101011110000111010000000110110010011011100000011000001100000000100110111
0001011010110011100110011100110111101100111100001110011011000111100011111000
0100101100011101001110011001010111110110011001110101110011111101011101011101
1010011100111110110001001001001100100010000101001000101000001000010010010001
0001101000010000010111111110111100101101111101011111110111010011100011111111
1110101000111010011101011111010001011111011111111111100110000010100011110111
1111111111111000001011100101010001010011111001100110010001010101101101111111
1011000111001011000001101101001011100100101000001010110100111101110001110010
1111101010100010111110111011111000110001111100011010111010011011100010001001
0101101011110111111011110101111110100010101001100010100111101011101111110111
1111111111010001101011001110111110001101111110111100001000101111101101111010
0110001111111101100111110000101110101011010101011011010001001101111010110001
1110001011111011110010010000101101011110111111111011101111111000110100010111
1101101011001100111011111011110111110110010000000001110110111100110111000100
1100101010110101101001100001111101011101100010110101111011010101100000110110
1111110001111100010011000010101000110001000101100111000000111011000001111010
0001111001101100011111010110110110011100110001101101011011000011111100011101
1000000011101110001100111000000100100110100001001101000111010100000101011110
0100011101001100010010010101110100001110010100001111100010101101110000010110
1010101001011101111101110010011100111110001111110011001101000000000011110001
1010011110010000101001101001101111101001001101111001010010010101010011001011
1100111000111011011100001011101101111000110100001111010110011111000011111110
0101010100001110000101101100110010010001111100011000001100010110001111001011
0101100011110000100101011001101000011001011100110110110110101111011001100010
0110100100000011001110001110110110101001111100010100001010010110000101010010
0100111010001100100100100100001101000101111011110010001001110110010011001000
1001110010010010100100001001101001010001110010000111010111010110001001000110
0110001110100111100011110101111000010111000101011001100100100100010010000010
0101110000110100011011111011010110000100100001100011010000010110001000000100
0011101110011001000010101000111000111010011010101111101101100000101001110011
1111111111001110100000100110110011111101110010010011011011001010100110010111
0111110001001000000111111011000111001000000111010011100111011100011010011001
1010011100111100001001110111100111010010110001001110010000010000110000111000
0011110011100110111111000100010011100000001100110011100100111111000101001001
0110011010100000000010101101111010100111000010101011100110010100111011010001
1011000101101111110010011100010010000110100100110011010110011010110001011001
0001000111000111011001001101100011000000110100110001010001111011101100000111
0001110000111011011010000010100111000111011110010010001001100000011100110101
0011011011000111111000111110010100000101100010100101101110001100011011010001
0000000110100000000011110011110110011001001110011101100111100011110011101101
0110000100110011000101001101101100011000110010010010101111010100001001010101
0111001000011011100100001110001100111000010101010110001100111111101010000110
0111101111110011101100010110111000110100100111000000011101101000011000111001
1011000000001010110001010100101100010100110100000010110000011101110000111001
0101011011101101000001100010101111110010110111011010011111011100001110001011
0100110100100001111101100010000010110001100000100111001000001010000010010101
1111011010101001001111100010111000010100011100010010111010101101010110010000
1111001001110000110111101100111011010100011100011000101011101101010000000100
1111110011101101110000010000110110100011110000111001100110001010001010100111
0100101110000111100000101000110101110100010111001110100110101011101111011101
0011100110000010011110110110110110110000010101101010000110011110000001001100
0100111011101100000100110111011000001010010111011100111110010111000111010110
0001000101111100100111001010011000011100010000001101110011110110100100001001
0001111100101111111011000001001111101101111101101100011101001010001101110101
0011000011011111011111010011111011000101010011111100011111001111000010100010
1000011100011111100000010010011101001110001110101001010110011101100110000101
0011000011110011001010101110001111110110100010000010100100100000111000111110
0010011010010000101000010111010000100110110001110100100110100010001000110001
0000010101001110001010110001100011110100110111111111111011001001101101011110
0111100100000110000110011011010110010111001110110101001110001010111100001000
1110101011010011100001110001010010001110001010000001100100011000101111110110
0011110011111010011101010101111000011000101000110100010000011010011101010010
0010100000000011101001001001110011000011001010011100001000101010110011101001
1001110111110110111001111100001111010011110000111000111110111101100110011110
1000010011010010100001110010101100010100111110010111100111011010110000101011
1111010000001001010010111110010110001110001110011110101011000111100100000110
0110010100101101011000001101111000110011110111001111111100010010000001101100
0000001101001110001000111101101101100000110110100100011101100010000110000111
1001010100101011001001001111011101000111001000011111100010100110010000101011
1000011010111010010110000110101111100000010010000110001101110010001000001001
1100101010000000100000110011010100100111010111100010111100010110001101011101
0010101001110101010010100000001101111111011100001110100010011111000011110000
1111001111111111001000010001011101111000111100110101110100010101101100010001
0000001110100111001001111000100000001101001100000000011011011010100000010110
0000100001111000110011001111101100111110100101101100101101100111100111000110
1100100111001101000000010110001110110100111000111101100111101111000001111010
0000111001000001001010010101101110110100111010100010000010000100000001100100
0000111110011000101000001001010001111001010011000010100100111110010001111001
1111011101110101101001000001101001110011110001101101101001101110001100010000
0001011111000111110100101110100111000000111010001000111101111000110101010100
1000011100001110101011011100100100000100111100001011101011110110011010111011
0100000011001001000100100100001010010010100000010110000100110001111111101011
0001101001110100011010011011000101000110101010101011011101010000010001100001
0101011101100001101001000110010110101011100001110010001111000001001110100100
1101111001001000001100000011110010110011010010011000010001110101010111000111
1111000100101100001101000000110110110000000001110101001011010010100011100011
1011011110010101011110111001100101101110001111001010100010100001011000000000
0110101101110111101000101100011011110100101110001000111101101100010001100110
0010010100110000110100101110010011100101111100011011000011000101101100011011
0101100101011101011100010110101010100111011100110111101010101100010100110101
1010101001010100110100100011101111011110101110010100100101100101000000110101
1100101000111010100001101101101010011001110111000010100101000100000110111100
1011100011011010100001101010101011011010101101100111001111001010011111010010
1011010011001011110110000001110010100110100111001000011110000000110011100100
0010101110101100000101100100001001110011100101110001101001000101001011000100
0000100101011101000101000000001010000011111110111011000101010110000010010100
0001110011111001010000101100111100011111001111100001110010111100111110100010
0111011101001011000010010011100001101101100110100001000110100011100100011011
1001001011011001010101011001111111000010101000100111111000100010011111011010
1000110001010101110000101110111101001011100010101001110110001100010001111011
0111010010010111001110110111011110110000011001001010010110001110110011011000
0001000000100011011111100000100111100011100101101011011000100011001000111111
0011011101100001110011000001101001100110101110000010111011011010001010001101
1001010110010110001111010111011110100010001001100010111001010100100000000011
1101111000010100010000010000111010101011010001011011110110100011010000010111
1111011000011011101101110101001101110011101110111000110001001100100110110110
0111011000111101011110100011000100101110101101010100100001001111001001100100
1101000001111110011010110000000001100111111011010000001111100111100000001100
0011000111000011000010010000011011001011101111011101111010001010000111111000
1110100010101110001010000010100001011111001101010110110101101001101001101001
1111100010001010110111111101011110000011110010110001000001001001101110101001
1011100101011011011100101000110011000111100100110011101110110110001101111000
0000010111010100101100111001111100010001110111010111111110001110001001100101
1110001110100101110100101100011000011101111100011001110011011000100101101011
1101001110110001100100011011101010111001101111111001011010000111111111001101
1110010101000100001110100000000000100111110000111000100111011001011001100001
1110110010101000100111010101011110001011111101010001100010010001010011100011
0101101111111111111101001001001011011001011011011010101001011011001010110000
0011000111001011011011111110111001100111100001011010000100011100000101000110
1000110111011001010100001100111111011100000001100001101111011101010000100000
0010001101101111111101000010001110111000100110010001001011011011101010000000
1001001110100100100110010101101110010110010010101100000010011111001100101101
1000011101101100010101000011101100011100010101011110111011011011101011001100
1010111101100110101011110010010011010011011110010011001001001000101101100111
1011100001100110000010011011010011100010000101100101000111101011111011001110
1011110111101111010010001000011100000101111001110010000011001101101111001011
1110010101001010010011111011101111101010110101000001001110110010101101111100
1001010001111101010111001011001111101011001101001011001101001111100110000110
0110001101111001100011000110100001100011010111000101011001101110100101100010
1100011100110010101101100110110110001001110000010011010101001100100001011101
0000110010100011110011001000111000111000111001100101110010001000111001010100
0111011010001100101000001111110001001110011000010011110011100111100110010110
0000000010111100100110110100111000100101001011100001000001110010110010000110
0110001111010010101001000000011011001110010111110000100111010111001011010011
0011000110000110011110001010000010000110111011001011100110101101011000110111
0010101000100011010010100101100010100110110000111100011000101010100101001110
1011100110100010101010000111101111010111000101011010110001100001001000010011
0011100110011110001110111110110101001011111001101001011110110000011011011010
0100010101100100001010111010110111101011100011000101011101101111010011100110
1111100111011101000100101100011111110101001110101111001101010010001101010001
0111100110100010110110011100011111110110100001011111101001000110111000000100
1011100010001110110101100110100100011011000100111101111101011110011000001000
1010010110100000001111111011000011001110010111110001001000101011000001001110
0010111110110100100111110000111010110100000001110111100110010101111100000010
0110100100111000010000010001010000011010101101110000111011101011110100011000
1100101010010110011100011100001010100101011100000000110110000100111100110101
1000001010010011011010000010001111101001001010101010101001101001001110100111
1001000011000111011000100011100010111110010000000110001101011111011110111110
1011001011010111000010011111100111110011011111010000101101110101011101000010
1011001011010101110111000100111011001010100001001001010000000011111111100000
1010111110101111010111110011111100111110100000111111111110101000111101000010
0101011111101100101111001001010111001010001110000101000000010110001101111111
1011011100010111000110110000011000111000001111110001011000010101111100101000
0001111111111010111001000010101010110111101111101010101110011010100010011010
1011001000110001111110101011001000111100000001010101110001001000001111100100
0001101111000010011111010111110001110100101010111000110110011011001111001100
0111110101100011101010100010111111011101001011011111010000001011100110010011
1101011110101011100011000101111111100000100110100111010101011010111000101110
0011000110110000101111111100000000101101101011001001111000001001101000001000
0111110100100000100010000001101110000110111100110010100110010010101010110101
1000100110100111001101100001000110010110001000110001110100011101100110011001
1100101101010001011100000000111011010110001001000000101111010111010010101000
1110101000000110111110100111001010010111000000100011001011101111011111010010
1000100001100100000001111100100010111011111001011001000000111111000110101100
1010101010011000111010101101010100110000110101001011001010001001101101000111
0110101100001010111000111110001001110101110011001010100011111111010101011110
1111101000110111101110100010100000000000110100010011111101011110011111111101
1111101101000111001100111101100001010010000000011110010000001111100000101000
0001100000011111000001101000101111100000110010001000101101100011011000010001
0101111010111111101011001100110100010111100111000110000001011111001000001100
1111110010110100001010011011011110010010000011001110111101110000110011011011
1100001001111110101100001100111010000110001111011000001101100100101100000010
1111100000110010100110100000101100101000000101111000111111101000010011110000
0100011100110011100111000111100100001100011000011110011010000001011111011010
0000101111001000000010000111011100100000001101011000000001100100100000110110
0011111000100010000110110001000001111101101101101111101110001010100001110010
1111110101001100110010001111011011000100000111100101101111000100111001111101
0100111011001100111110000011010111111111001000000011100111110111001110001000
0100000000001011111111010110110001111100101100111000111100001001100010001000
1011000111011000010111100011110100000011000001111110010100000100011010011010
1011101010111110000110001010110110001011111101000000110111111011111111000110
1100010001011111001100011100001010001111101001000110110001101110111000110011
1101100110001001011100111000100110101110001100111101110110100011101100111111
1000111111101110001001101000010111110001110011101001100101001010101001110000
0011000101111100011000000001010111000111111110010100110010110011011011000010
1001001101100001101110100010001111001010010110111100100000000111101101101001
1010100001011111001011010100110101011100111111111001011000100111001001101011
1101110001110100110100110001001010101000011111000000000101110111001010000111
0101011101000101011100000110111100101111100110001101101110111100001101011111
0110010110000110001111011011000001001001000110001101011100100011000001110110
0101001111110010001101111111001001110101100100011011111110101100111011001010
1100100001110101111010001001101100000111100110000011011110100001010111110000
0001100001111100010001100011000111111110011001001001011000101000010111100111
1110000010001101111111111000100110011011001110011011111001011010001111011011
0011110101101010101011101001011101110110100100101110010000001111111111110110
1011101110010111010110000111111011101011100001111011000101111100100011010000
0001111110110001011101111110100010001110010000110111001000101001010010110011
0000011011000111011101101001101110111001111110000001001000111111001100000011
0110100111000101010110111010101100011001000111011100000010010110011111111100
0101010101000100110111111111110000101100001011001001001011000101111111110111
1111111000010110011101110111011110010001010111000101110111000011011111110010
1001001011101111000110110010101011110011111000000001110001101010101111111000
1110101110010111011101111011110100100010110101100110000100111010111101010011
1000000110010101011100101000111111001010111001111111110101000011111000100001
1011100010100000010100111000111111100111101100011111111110011011011011001100
1100100100100010011001110010100101110111001100110111110010111011110101101110
1111011110010101000000011111110101000111011001101101101111111010011111000011
0111100110111011101101000010010111110010101101111011101111111101111100100101
0010100011111110010101101111011101110011101001101110101101001111101110110110
0101101101001001010111000110010001111100010000101110011101001001100110000001
0111010100001001110110111100000110110100101101110001100110001110110110001001
0110000010001001111110001010001101111001000011000001111111010000110111101111
0111101110111110000110101111111011010111001110111111010000100110000100100011
1111001001010010100011110110111010111100100100000000011111010001010010001000
1101101111011110100011010111001111101010000110111101111011111111011110001010
1101111111011010111001110111111000110001000100011100110110111000110001100110
0010110101001101010100010110001010000110011110100001010111011110010000010010
0000101011101010111101110100101001000011101111001101101000100010011110111110
0001101110011100100110111011111011110111001111010001000100110110000100111010
1100101100101111001100101010000000001110011001011110011000100101001011111011
1100000110000111111001101001100001110110110110110000100111011000010011111100
0111001101111101101001100010000111011110000010110000110111101001010111101111
1010001011010111001110111001111000000111001100111011101100100000010110001101
0001110100101011101100010000101111111111101000100010101101011100111011001001
1011110001110011010111010011111101000101100111101110111010110101100011110101
1001101111111110100010110100110111110111111111011110111011000110100011011101
1010100101111111000101100000010101000100110001100000001110001010100111001100
0011001001110000111100101100011000001011111101011100111011110110011000001111
1000110001011110111010001011110111000010101111101101011000100001001110000110
0010111111110110110111001111010110111011111000010111001111111011101001011000
1110111110101111000100010000100100001001111010001011001011101110001001010110
0100011100110010001011100011010011110010001000100001011101111011101001010010
1101101100001101000011111110010100000111111100100111000001110000001010011100
1010111101010111101111101000111101110100000100000110111101110100101111001100
1010001000100111111010100101100000110111110110101011001000111111010001001111
1101111011011101111110010111000010110101001110101100000001110011100000111111
0000110100101110111111011000110101010000101101110001001110010001111100111101
1100000100111010101101011011000111100110001101100111100001000110011010101000
0111000101001001111001000011011110111011101100101111001100111110000101110110
0010111011011011110000100111001111010110100101100111011000111010110100011001
1100110011110101110101011101011010001111101000001101011001111100001001111101
0000010011100101110001001110101101011001011001101100100111111011111100000000
1100110110111010000111110011100010111001000100111001010100000001111010010001
0101000000110100110101111100000100110011001010111101101000000011001110101110
1001111011101010110000000111110011110011000010101001000010101100111100101101
0101110001101110001101011101101111101100000000001111001110111111000110101001
1110111000000101100100000110111001100110111000001101111001100110101000010001
1110111000000101001010001100111110010110100100000000011110011110001110110000
1001100111100110010110111000110111111001101111110011100010110011010011011110
1111110100001011010100001000010111011110000010011110110110100001111010111111
0001110011011011100101101011101101100110111100111001111101111110010011011011
0101000111111000001001100011001001101111110011110101101111010000101101100110
0101010011110101000100111111110010111101110110101100010100110011111011011101
0000001100000110010000011000010010100000001011000100000000101110111110001011
0101011111001100111110001111111001101110111001001111100111101010101101100010
1100000011001011111011110010000110000001011100000101101000100000010110101111
0000011010111111100110001110101101110010010111000110100011111110111001010010
1111111110001111011111011000101101011100110001101111010101100111000000011000
1101001111011001111011101111000010011100101110011101111001010010111000000110
1010011001011111110001100100000011111000000111110111011110101110111001110111
1111100100111111111111111110110110010011001111001111101111110111011010100110
1000111110001001000000011001010001001111000111111100000101010110000000100101
0000110101110101100000011001101111000101110000011011111111000011000101101000
0110000000101110111110001000110011110111011101111100000010101011111111100110
0011101010001100111111110000111011111011010111100011001000101111111100011111
1000111000011111111010101111110100101011110100101111111101000110011011110100
0111101110100110100111001100111111000100011001111000011111001011010000100010
1010100001101111101001110100000101011101010100000001111100001110110010110000
0110110110011011010010000110111010111111011111101111110100001011110111001000
1110011101011111000111001000100010110011001100000011011100100011100110101110
1001010000101101111110011010111001110011100010100001101000001001111001101011
1101101100100011001011001111011110110000111111001011101011100000111101111111
0000101101101101111100111101101111001001010101110001111001011111110111111010
0100111111100000100111010111000010000001001010111000111011110100011111110111
0111110111101111001010111100001011111101111111001011111110001010100011111100
0110100001111100001101110111101001001100101101000111000001111110011110110000
1000011010001100111001101111111100111111110001101110000111011010111011101101
1110110110110010001001101111110101010010101000100011011010110100001111101101
0111101101011011101010110110111011011011010001010111001111001101000100101110
1111100010111101100111001000111111110000111101111101000010000001101101111111
0010001111101110001111111001010101010111101101111011111001110100001110110111
1111000100010101110010101110101101011100100010001110110001100101100011011101
1111110011110001000110100010011111110111011101011110011111011110000010100011
0011100101000100011011011101011101110101011110101101111111111110011101001011
0111001101101010100010111101111000110101111111110001111111010010011101110000
1010111111101111111010100111011101101000100111011110111001111001001111101011
0010111100111011001111111110111111110000100011111111011110101110011101011011
0011011111011001001100010111000101011101110100111010101101011111101101000111
0111011010110111101101011101111010111111101111110010100101111011000110111001
1111100011010001011110110001100100101101111110000110001111111001100011111101
1010110111111110100010111010100100111111101101011001111111110101111111100001
0101011111111111111110001100100011011111010111111111110100100100010111001111
0110100000001011111110100010010111000101110001111101100101101000001101011111
1111001100100101110010101101010111101101011011111100101111011011101111110110
1001100111111011100110110111000110011001011010101111001110011001111111111111
0110000010011110001111110101110111101011000011111101011011111001011111101011
1110111111110110110111111001111110110011011111101101001101111110111111101101
1011111011011001010111001000010011110111111011111100110110000111101111010100
0001101100100100110110111111110110111000011111101100001001001010000011111011
0100011010001011110001011111101101010000001100011010110111100100111110101110
0110110010111111111000000111101111101000011111111101101011101111011111011110
1010001001110111101100110110011110100000010111011011111001101001110000000111
1110110001011100000101011010001111010000001110111011010111000000001101101011
1000010011110111010010111111011010010111111101101111110011111001001110111100
0101111001011010110101110111011111101100001101100101010000110101010001000111
0110111110111001010110110110101010000110111110010110110101110111000001100101
0100010011110000010101010100101111111011111000000011110111111011111100000111
1100111111111100000010000001111101110010000000101011110111010111110011101110
1111101101111001011100110111010111100101100001011110110111110110100000011001
0011011010111000110101001101000111111011011011101000000011011110011000011100
0011111010110011101111110001010111001010111011001101111001101001111000011111
1101010111001011010100000110100001010110000110101000010001011000100110001111
1001101111000101100001101000011001110101110000010011110110101111111011010001
1011110010111110111001111011111000111100011010110001011111111010000100110111
0001110100011101000111100111101011111111110111110000100010110110111010100100
0110001101111001010111111011111001111011111100110101100011011110100000101101
1111101111010001010111001111111101000111101110111110100101111101101100111100
1011000010111100111101011111100100011101011010100111100001111111100001110101
1010110111101001000111000111100101001011011010101011111101011111001001001101
1000011000110101111011011111011000011001101000000110111100101101010011100101
0110011000101111111011101101100110110001011101111010010110110000111000110111
0101111011011011110100110110111010100100001111100111101001101101010010101100
0011101110110011111010111100111101110001101110001111000101101000101000001111
0111100001001111111100101101001000110101011110101010101110100110110110000111
0001100010111110111000001010001001110111100010011111011111001111001101111101
0100100000001100001100011101001101001110100001111000110111000111001111110000
0001101110110101000000011001111101101111101110001010011000101110101111101101
1100011001011101110110011100000001111001001100100011011000000010111001001011
0011101110101101000011010000011010001110001110100100001010111110101011100101
1011101101011100100001001000110100100000101101001000000010000011101111101111
0111100101010111011001000110000011001001011111101111010000110110111000001010
0111110100111001101011000000111101100110010010001110111001100110001111100001
0111100011111110110111110010011010100010111110011001000010000011110101000110
0111100000101001100011001101010111101001110011010111110011011110110111101101
1111101011101101111100001110001111111111110000110110110010000011111111000101
0100001000000100110001111111001000000100110001111010000101011100110111100011
0111101011001001010101100100010110101110110001111100110111111000001111110001
1110001110100011111110110001000011001001010011100101101111100000100111001010
1000000100111001000111011111100011111111001100010011011111011110001100010011
0111000100011011111111111000011111011111001001001000101111111110000110001100
0010111010111110011101010101101001101111111010101100011010111110100000111011
0110001010101001110000100111100011000001010011000110101101010100011100110010
0010010111100000000110111001011001110010011111111001010100010011100110001000
1101111111000101010001001111110000001110111010110100111111100010000001000010
0110011100010010011110100010111101011000100101010111100001110110001100000010
1110111111000100100011010011010010001001001011101000010010111110100001110111
0111011000110101011011011011000011110110010000000110111110110110111011000100
1010100100111110101111001010000101000111100010001101011101111000110001111011
1011010000101011110001000000011110101100111111011011001000000101111011101110
1100101001101011110011000111000100001110111101011000100110011011100001011111
1110100111010101110011101100010110001010001100011000100011101101100110101101
1000010111101100110011011010000000011100110000111011111011010001110010001100
1001100110100111010111011010000101111111111001110100101110001100101001011001
1110100011101010000111111110010111100011000010111111110100001111111100101100
1001000100111011001000010011100011100110100100101101010011101101100011001110
1001110011101111100101001100100001111110001101100101111111101000100001110111
0111101100100001001010001111011001110011010111110111010100011001110011100100
0110000111101001000100111100111101110010000100100000101111010001111110110010
1011011011011011010111100000011101110111110001010111110110010111100110101001
0000010010110011111011111001000000111011000110000110001110000100110111011100
0010100111001001011010101101000010010001111111100110001101001110000100000100
0110001110100110010110011010001100111101111001001111101011010110111100000010
1000001001000000011001111101100001001111100111011010101010011011011110110001
0000011111110011110111110011111110110101111001110111110011100100000100111110
1001010000001101101100101101010001010011101110000001100110101011100111101011
0110110101100110000001111110101010100011110110110110111000101001010010000000
0011001011101101101000110111010100000101110001000110110111000001001000111111
1110010011001000011111101111100111011111001011111101010111000011100011110001
1101011111011000111000110101001100010110000011101001001011001001001010000110
1000001111010000000100101101100000100000000111011001001001100010110111001110
1111010111001010000111101111101111000010100000001000000111010001001101010011
1011100101000110000011000010100011000000111011001000101010010001111000010100
1001001110100010101101101101011111100100111101000100100001010100110010001100
1011010000111100010110000000011110011110010010111011110010100100101011110001
0101111011100111110001101100011110000111110101001010101111010001011010110111
0010011000100111111000110011000000100101110101101110001000100110111101110111
1111001111101000000010101110001100111111101010100011000110100001110011111101
0011110100110110000111010000100110010011000011111010010110010011110111010010
1011110001100101100100011100101001010100011000010110011100001100001101110010
1101101010110010111000000011000000110111010010011111011001010010010110010011
1001000001111001010111011011110110011000001110000011000101110111010111100110
0000000110011001110111101111010100001001001011100110001110101001001000000110
1011100100111110001000100100110110101010010001010110111001010011000101100001
1010101100000001101010110001010111010101000100111100110001011010001101001011
1010011111100111101011111000111000010001010001100100110001101110110100100011
1101010111101110001110000100110010100111111101100011100101011001110001010110
0001010100000010010100110001110001100011000100011100001011100110101100110010
0011010101110110010001100101100111101101010001000010011000110001011011011000
0001100011101100010001100100100010101010011011001100101010010100111011101001
0100010011101100111111001110100101001100111010011010110010110001100100110110
0101111000111000000011110001101110000100111000010011101000010100111101110111
1100101010011000001110011010110011000001100010111000011110111101001001101011
0111010011000001000110110110001110001111101000111001001000111010011000010011
1101000000001000011111000100011001011000001110100001100110000110111100100100
0100111011100001010000111001111100000011010011001101110011110100101011011100
1111010100111010001111011010100000100101010010110000100101001101001100111010
1101010110000100111111011101111100111011110010010001101001100011010000001001
0010011001110101100011110000011111001010101010000000100001100101100000111010
1011101011010101001111101100001001011100101010010000101010111110001001001100
0000011000100011010100010000001000110011000110111011000000110110100101111010
1011000110000000100011000101110110000110010111011100110011110000011110100111
0111111011111000101000010011010110101100001110011001101001101001000011110111
0100110000011101110101000111011111010010101011110110011101100001111110010001
0111110111000001101110000001001101011001000001110110110000001110101000100111
0011110011010101011101101110010100100111001111000100011110010111111111011000
1101010100100111000100011110001100000110010011001110000111000111010111010110
0100011101010010100101110101010011001010011110110011010011011000100101011000
0010000111101100001100011001100000011101111101001111010000100000011001110110
1101110111111111010010111000000110101001000110100001101011100111010110000110
1101001010011101101001111001111100001111000000101011101100000111000110100011
0111001101100100010101111011001011000101101101111000010010010101000101001011
0100100101101000100010101110001101111110011001000111101110101001111001101100
1101100111100100100011000011000100101001110011010101101000011011001111001110
0110100110001000110101011100011001100100000101011101110111011000010101111011
1001010110011000001010010010110011110100100110100001101100100011010010001011
1010100111011100100111100011001111011101100010100000010011001100100111100110
1000100111001010011011000011111101111001000101100001111101110111000100110011
0011001010000011111001100000111110000111100001110001111110101101101000000010
1010000000110111111100100010110001011011011000110010000010111011010101110100
0000001100100101000110010011000110100101011011101100001110000100100100100000
0101110010011100111001000111100011011101001110001001000010011110000000100010
1101000001000000111010101000100010110010101011100001110001001011110000001101
0101101001111101110001110111110010100010011000100100111100000100111000011010
0010101001011100011001010110010000001111000110111000011010010000110010111100
0010010001001110111000001100111011010110000000100111011111101001011010101010
1000011101000110001101000011010010100011000000000011111100011111010100100101
0011110100110100101111111111010111000100100101000100100111001001111000111101
1010111011010000111101111001010101010101011110011010100101110110011000101100
1001111111111110101111010101110011000111010101100000110001010001000100101000
1111101000101011010011111010100010000010100110011010000011010011010010010100
1010000101011011000011101111101010111101100101001100100001101000101111001101
0110000001110110100000110000110111101010100011111001111111101010110100010111
1100000000111010100101010011010111111001111101111011001011000101110101001101
1111100101110101010101001110011111000111101010010110010000000100110001110100
0110110111010101010101101110001011101100110001001010011100111101000010101110
0001101011000111000111001110010010101101010100100100101110010001000111101001
0110011101011011000010010101111010110111000001011001101110101100100000110010
1111111110001000101010000100010110100110111011101101101001110011101010010111
0101110000100100100101001101001100100101011101111000100011111100100101000001
0111011011111010100100111111000010000000011001111001000100001001000101101000
1111111101010011010010101000000010111101001101101110010010010111011100001101
1011000111010001101011100101101000110001011101111010001000010010100001111110
0010111000010000010111010000000010011001110111001010001101100100101011100011
0111101100110011010001011001010010100011001101001001100001111101101011111000
0100100111010001111101011001011110110110100111000101010111011110111000110111
1101100101001010110101010110110101010101001011010010000010011110111101111010
1110011010111011000101100100110100001000111100110000000010110110111110001111
0000110011011100001110010011000110011010101001111010111011011010010100111011
0001010000000100011101111001101100110000101000001101001100110011000001111110
0000010111011000010110111000011001100010001101100101001100000001111000111100
0101110011010101101001100111000011101011010000101110000000100110000110110100
1000101010101100111001110111010111100101100001101100001110111000001001100001
1011100111011011010101010010010101110111001011101000101100000101100001011111
1110000000001010011100100011111100000101100101011110111101001111000100100101
1110000100000101110011000000110101000111110010000100111111110000100011101111
1111101110010110000000101110010011110011100101001010101001111000111110011101
0010011110000011111001101100110110111010111100010111111110010110101111000011
0111011011110101011101111000111011000001101001011001101110111101101011110001
0110101111010110011010101110111000000001100001010110101001000100110110100000
1101001101101101001110010101110111100010110110111100110110111100010010001011
1001101111110101110011011101101111101110100110000010101110000011001001011101
1110100100100100001010110000001101101100011000011010010100000100011010010010
0110111000101101101010011110100101000110001111001110001111111000001010100001
0001010101101000100011000101001110100011101000100010010100110000110101100010
1101101110000000110000001001111101111111000100110100001110101111010110011010
1101101010000111011101011010101000000011010011000001001000111011100001101111
0110100000000111011000011001100101011010000101101110011001111000100101101000
0001111110011001010101011101100111000101011001011000011100101000001010101010
0111001101001101111101100000101110000001101111101101100100101011101100000111
1111001100110001010110010100111010101100001010110011111100111011110011000100
0011110010100100000100110110111011001010011011110000101001100101101000101100
1100001111011101001010111110100001001100101011000101111101111111010001001001
0011000001001100110100110001101111000011100110001100111001100111010011011011
1001100100011101000001101110110100101101101110010010001010111011111011100111
0110101110001110100011101001001101010101000110101000111010011111010011101010
1111001101001110101011011010110100011100101110101111001101011000101001111011
0110001110100011000100110010000101101101101000001111010101111100101101010110
1100011111011011011010010011000101010001110110010001011111110111001001101100
0111010011101001001100001100011111101000010000111111011111110101010111000010
0111101100110011001100100101011101011001101000111110011000000010100011010100
0011001111000001100110001101010000111110111100101101101100001111010100111101
0111111110000110111011000100000010100010011111110100101101110100101010000000
0111011010110001110000010110101110010110101010001111001010110001111011011011
1011101011011101110011111001000001011111011011010010011111001011011101111100
1111101101010110011000101110110011010001110001001000001001011100011010000011
0011001001000101001010111111000100110100011111011101111011010101011011011001
1010000101010010111001001110100111011001010101000101111000000010001101100000
1001111100010010001000111101011111101111101110110010001000001100110000001000
0110011010010001101100000111010110100101110001011010110001110111010010000110
0011000100111010100101011001001100101000100111101011010011111011000011011011
0100000100001010011100011011110011111001110110110000110111011011110111101110
0011001001001011110101011000111000010110110101101110100010010001000111000100
0111111000100011010101000010010100011010001101011010100000110011011011110110
0100101101100001111000001101011000000111101010111101011001001000110101000011
1100110100110011110011100111110001000001001111011110111011100010011000101011
1111011111101010001011100010100010000001100001010110111111010100010010010011
0000001110011010000110011000011001111000000000000100111101001111100010011101
0101101110011011001011110000011001010011011010110001100111101110101110001100
1001000010011111000100101100110010001011011100101110100101101110011000100001
1100100000110001001001010011111101010010010110011110011101110000101001100101
1001100101110111110011110101000011010011100011101010010011110100000100101010
0000110001110100100011000010101011111101100101111011111111001011000010000101
1100110001101111000111110110000011110011111001011011011011101110010001110111
0001001011111001101101100100010010100111101011111001101110000110010010110100
0000011100110110110111001101000011101011101110010101110101111101111011001110
0011000001010110110100001110001011011101011010011111100001000101111111111100
1000101111010100101000010011101111111101111100111001001000111011100010000101
0111100101101100110100101011001001000111010011100101011101101001110001000111
0100101001000001101101001110100010100001100101100001001101010001011010011001
1110000101011100110100101101011110010111011001010001101101110111010001111111
1101011101011011010010001111100000001000010001110111100101111001010011100111
1100010010110100000100101101010111100000110101110011100011100110111001100100
1010101111010110011101110010100001010001010000101110101001001100010110011001
0000000111000011100010110101001000000111011110110110100100010000101100111111
0110101011101000011100001110010110001001111001111110010101110111010011010001
0011010100100011111001010111101001101110011111000001010111110111000001111110
1111011100010001010001011101000001111001110111100111010001000011011001000000
1100111000001100101000011100101000000011110100001110001100000001000001110110
1001111001010100010000011111101000010001011011011110111001100101011011111101
0011111001101011000110110001100100100000101101001011000100011000101101100001
1101010100010000111010110111001101100111000111010011000100000111001111101101
0100010111010010110110010010111000100101110100011011000110110011100010111011
0010110111010010100100110110011100010101100001001110110100011110001110111110
0011100010001111010011000010010111101101111010011000110000011110011001110010
1001101111101100010101100110011001011001011101011100011110011101101001101110
0011100111100110000101010001010011101101111010010010010111110010101101101011
0100000000000001011011100011010001110011100011111111111111000010110110111100
0110001111111110010100011010101111111101010011010011001111011100110101010111
1110001100000111010001001100111010110111001011110011111010101010110000011101
0010011111101011001001011111100101111010000011000100000010101101001010001111
1011000110010110000000000010100110010001000101001110101010010011010101010111
0000010110100110000000111110110001100110011010000001001110101100000111010001
0110110010000100010001000111001100110001110111101111011011100000101001001001
0011010100100101001011101000110111111101101100011110110010001001100111010100
1110111000000001111010001001000111000111001111001101000101100100111101100100
1001101111111111101110110010101110110100011110111011011000100100010011010110
1101101100011101101110000110000100101000101101100101010100110010001011101111
1011001011001110011001011100100000110010110110100101000011001001111001110000
1100111001100110011010111110000101010111000100011011000011111101011001110100
1111000100010101011101010110100101001000000100000010000111000000001100011111
0100000110010000110111000101111101010100010110100011111000010010011111001001
1101111011001111011110110101101101111000011110011111110001110011000000110110
0111001000110010011110100000011111001100110011101011000010001000010110111101
1111011001111001111111011010101100111110010010111111001001000111011110000011
1101010100011110000010101111001001110101001011110001011110100110001011111010
1111101001111010011000101000110011111010011110101010001011101010010111100100
1111010011000100010010011111101110011111100000100111010100001111000011001100
0011101101111001000000101101001110101111001001110011100011110110011110101100
0010110101111001111101001001110101110001001100111010111110000000110001010110
1001111001011000111011001011111110011110000100001100000101000111001000100010
1100111111001111101111111101111111111000101001111100010000101101001001011110
0100111110110100111111100011001100010000011110110010001011001011110000100111
1111000000010111011011011000010001001001000000011001001101010000000000000000
DIXIE
source ${Anonymous_Zpt}
rm -rf ${Anonymous_Zpt}
